82
75
85
41
76
11
75
74
21
53
68
67
37
25
0
40
34
14
68
51
68
45
92
43
18
86
75
52
81
40
50
91
76
2
75
40
26
52
0
81
41
73
87
64
86
81
79
64
31
19
53
29
30
54
44
83
64
39
74
4
21
67
26
31
86
39
79
55
32
55
6
78
90
73
69
78
41
42
83
41
42
92
2
30
75
6
52
49
65
9
74
100
64
9
66
76
19
15
15
99
28
3
89
80
92
61
57
64
84
15
79
52
84
97
89
18
13
25
67
85
13
45
88
8
88
67
27
83
24
8
49
7
92
44
61
86
36
100
5
67
33
69
66
94
84
69
64
79
72
53
33
16
3
92
91
9
64
55
77
84
58
86
64
75
72
51
68
38
9
8
43
34
38
38
53
64
35
40
54
42
82
68
76
48
62
46
59
84
40
22
28
96
66
63
48
19
5
32
34
52
35
75
54
67
33
15
61
85
47
21
67
94
61
6
11
66
47
90
99
75
96
60
50
32
62
40
85
27
41
79
12
34
67
21
86
48
81
50
64
3
22
70
50
62
14
30
16
17
69
85
30
67
57
0
22
39
54
33
20
1
33
17
4
82
71
53
11
79
43
56
81
88
65
96
6
36
5
45
51
4
23
45
56
41
52
55
68
1
10
62
45
1
79
42
84
71
50
14
47
76
23
95
90
97
82
28
41
95
40
62
47
3
56
28
17
85
81
40
49
97
33
85
63
91
26
37
31
3
54
22
83
20
97
95
30
82
86
89
9
69
49
48
5
48
12
77
43
50
32
39
70
25
98
70
29
7
20
42
86
34
17
90
13
82
46
4
41
82
11
24
31
32
67
50
28
9
25
85
100
21
96
78
85
84
26
6
21
33
27
89
75
96
58
34
48
29
60
68
55
57
43
74
11
70
78
14
52
58
2
83
6
38
72
56
75
94
79
87
34
41
5
80
71
60
21
83
8
51
16
87
37
87
2
53
60
59
18
97
94
93
31
69
79
34
16
0
77
11
57
62
16
12
93
76
16
30
67
48
95
100
88
88
13
51
30
28
97
85
26
43
51
38
79
47
29
0
36
34
33
7
29
30
32
10
76
31
85
27
74
49
33
80
21
26
74
91
64
79
77
79
49
8
43
99
82
10
97
36
67
60
70
64
92
64
69
71
11
42
32
95
96
59
90
12
64
76
57
11
6
18
60
49
64
28
90
36
41
90
41
36
65
95
77
35
52
24
84
48
45
7
2
91
24
17
2
55
89
24
86
78
42
97
2
64
86
98
26
51
73
51
23
64
54
2
66
93
79
92
91
8
24
1
87
80
12
61
63
88
2
56
92
86
38
31
41
88
86
41
42
63
29
44
99
3
71
33
89
100
56
3
1
30
93
43
5
83
49
88
57
30
64
48
27
90
27
12
98
41
22
47
29
90
22
46
96
81
1
38
98
30
69
28
61
60
16
88
88
18
33
31
89
76
15
23
63
59
100
72
32
17
43
7
0
20
38
12
24
18
2
95
31
57
2
93
6
66
16
2
56
84
35
68
34
84
52
67
60
35
62
29
81
11
97
22
0
66
49
33
45
63
24
6
77
65
17
51
7
89
98
60
2
15
55
18
83
72
21
73
26
51
54
55
63
2
37
23
28
65
87
71
80
54
42
90
85
90
80
37
34
28
75
88
44
95
32
17
74
11
6
50
83
43
1
78
22
44
63
80
57
29
93
60
14
17
8
61
35
54
4
82
41
98
2
70
8
35
30
34
58
89
28
18
7
86
41
46
31
47
54
46
85
55
25
84
8
88
87
32
37
90
62
19
80
8
35
85
84
56
99
2
99
47
67
13
1
87
42
94
12
81
54
38
84
77
55
21
70
5
11
57
96
33
92
75
50
18
53
32
64
4
29
1
5
41
62
28
16
94
20
94
74
49
28
71
47
95
47
30
7
72
88
27
3
27
7
53
6
29
17
43
46
75
98
53
42
2
16
45
69
29
14
34
39
68
17
93
10
1
68
23
35
39
83
12
70
92
3
29
11
22
18
48
97
40
80
62
43
19
20
84
32
35
56
66
29
25
32
41
35
4
0
39
41
75
87
27
64
81
21
25
77
76
44
79
1
37
98
22
35
13
66
20
54
80
53
77
67
21
66
57
44
75
42
24
18
82
95
23
82
19
57
95
11
58
82
92
41
20
56
25
30
25
80
94
46
90
69
11
55
15
10
21
37
38
18
100
1
54
23
52
0
65
93
47
39
32
66
64
69
81
